[INFO] Reading input dir: /wk_cms2/mc_cheng/public/tqHGG/2017/BDT_input_had
DataSetInfo              : [dataset] : Added class "Signal"
                         : Add Tree T of type Signal with 1108306 events
                         : Add Tree T of type Signal with 1108716 events
DataSetInfo              : [dataset] : Added class "Background"
                         : Add Tree T of type Background with 88956 events
                         : Add Tree T of type Background with 87491 events
                         : Add Tree T of type Background with 722286 events
                         : Add Tree T of type Background with 723576 events
                         : Parsing option string: 
                         : ... "V:AnalysisType=Classification"
                         : The following options are set:
                         : - By User:
                         :     V: "True" [Verbose flag]
                         :     AnalysisType: "Classification" [Set the analysis type (Classification, Regression, Multiclass, Auto) (default: Auto)]
                         : - Default:
                         :     Color: "False" [Flag for coloured screen output (default: True, if in batch mode: False)]
                         :     Transformations: "I" [List of transformations to test; formatting example: "Transformations=I;D;P;U;G,D", for identity, decorrelation, PCA, Uniform and Gaussianisation followed by decorrelation transformations]
                         :     Correlations: "False" [boolean to show correlation in output]
                         :     ROC: "True" [boolean to show ROC in output]
                         :     Silent: "False" [Batch mode: boolean silent flag inhibiting any output from TMVA after the creation of the factory class object (default: False)]
                         :     DrawProgressBar: "True" [Draw progress bar to display training, testing and evaluation schedule (default: True)]
                         :     ModelPersistence: "True" [Option to save the trained model in xml file or using serialization]
<HEADER> Factory                  : Booking method: BDT
                         : 
<VERBOSE>                          : Parsing option string: 
<VERBOSE>                          : ... "H:V:NTrees=800:MaxDepth=5:BoostType=AdaBoost:AdaBoostBeta=0.4:IgnoreNegWeightsInTraining"
<VERBOSE>                          : The following options are set:
<VERBOSE>                          : - By User:
<VERBOSE>                          :     <none>
<VERBOSE>                          : - Default:
<VERBOSE>                          :     Boost_num: "0" [Number of times the classifier will be boosted]
<VERBOSE>                          : Parsing option string: 
<VERBOSE>                          : ... "H:V:NTrees=800:MaxDepth=5:BoostType=AdaBoost:AdaBoostBeta=0.4:IgnoreNegWeightsInTraining"
<VERBOSE>                          : The following options are set:
<VERBOSE>                          : - By User:
<VERBOSE>                          :     V: "True" [Verbose output (short form of "VerbosityLevel" below - overrides the latter one)]
<VERBOSE>                          :     H: "True" [Print method-specific help message]
<VERBOSE>                          :     IgnoreNegWeightsInTraining: "True" [Events with negative weights are ignored in the training (but are included for testing and performance evaluation)]
<VERBOSE>                          :     NTrees: "800" [Number of trees in the forest]
<VERBOSE>                          :     MaxDepth: "5" [Max depth of the decision tree allowed]
<VERBOSE>                          :     BoostType: "AdaBoost" [Boosting type for the trees in the forest (note: AdaCost is still experimental)]
<VERBOSE>                          :     AdaBoostBeta: "4.000000e-01" [Learning rate  for AdaBoost algorithm]
<VERBOSE>                          : - Default:
<VERBOSE>                          :     VerbosityLevel: "Default" [Verbosity level]
<VERBOSE>                          :     VarTransform: "None" [List of variable transformations performed before training, e.g., "D_Background,P_Signal,G,N_AllClasses" for: "Decorrelation, PCA-transformation, Gaussianisation, Normalisation, each for the given class of events ('AllClasses' denotes all events of all classes, if no class indication is given, 'All' is assumed)"]
<VERBOSE>                          :     CreateMVAPdfs: "False" [Create PDFs for classifier outputs (signal and background)]
<VERBOSE>                          :     MinNodeSize: "5%" [Minimum percentage of training events required in a leaf node (default: Classification: 5%, Regression: 0.2%)]
<VERBOSE>                          :     nCuts: "20" [Number of grid points in variable range used in finding optimal cut in node splitting]
<VERBOSE>                          :     AdaBoostR2Loss: "Quadratic" [Type of Loss function in AdaBoostR2]
<VERBOSE>                          :     UseBaggedBoost: "False" [Use only a random subsample of all events for growing the trees in each boost iteration.]
<VERBOSE>                          :     Shrinkage: "1.000000e+00" [Learning rate for GradBoost algorithm]
<VERBOSE>                          :     UseRandomisedTrees: "False" [Determine at each node splitting the cut variable only as the best out of a random subset of variables (like in RandomForests)]
<VERBOSE>                          :     UseNvars: "7" [Size of the subset of variables used with RandomisedTree option]
<VERBOSE>                          :     UsePoissonNvars: "True" [Interpret "UseNvars" not as fixed number but as mean of a Poisson distribution in each split with RandomisedTree option]
<VERBOSE>                          :     BaggedSampleFraction: "6.000000e-01" [Relative size of bagged event sample to original size of the data sample (used whenever bagging is used (i.e. UseBaggedBoost, Bagging,)]
<VERBOSE>                          :     UseYesNoLeaf: "True" [Use Sig or Bkg categories, or the purity=S/(S+B) as classification of the leaf node -> Real-AdaBoost]
<VERBOSE>                          :     NegWeightTreatment: "InverseBoostNegWeights" [How to treat events with negative weights in the BDT training (particular the boosting) : IgnoreInTraining;  Boost With inverse boostweight; Pair events with negative and positive weights in training sample and *annihilate* them (experimental!)]
<VERBOSE>                          :     Css: "1.000000e+00" [AdaCost: cost of true signal selected signal]
<VERBOSE>                          :     Cts_sb: "1.000000e+00" [AdaCost: cost of true signal selected bkg]
<VERBOSE>                          :     Ctb_ss: "1.000000e+00" [AdaCost: cost of true bkg    selected signal]
<VERBOSE>                          :     Cbb: "1.000000e+00" [AdaCost: cost of true bkg    selected bkg ]
<VERBOSE>                          :     NodePurityLimit: "5.000000e-01" [In boosting/pruning, nodes with purity > NodePurityLimit are signal; background otherwise.]
<VERBOSE>                          :     SeparationType: "GiniIndex" [Separation criterion for node splitting]
<VERBOSE>                          :     RegressionLossFunctionBDTG: "Huber" [Loss function for BDTG regression.]
<VERBOSE>                          :     HuberQuantile: "7.000000e-01" [In the Huber loss function this is the quantile that separates the core from the tails in the residuals distribution.]
<VERBOSE>                          :     DoBoostMonitor: "False" [Create control plot with ROC integral vs tree number]
<VERBOSE>                          :     UseFisherCuts: "False" [Use multivariate splits using the Fisher criterion]
<VERBOSE>                          :     MinLinCorrForFisher: "8.000000e-01" [The minimum linear correlation between two variables demanded for use in Fisher criterion in node splitting]
<VERBOSE>                          :     UseExclusiveVars: "False" [Variables already used in fisher criterion are not anymore analysed individually for node splitting]
<VERBOSE>                          :     DoPreselection: "False" [and and apply automatic pre-selection for 100% efficient signal (bkg) cuts prior to training]
<VERBOSE>                          :     SigToBkgFraction: "1.000000e+00" [Sig to Bkg ratio used in Training (similar to NodePurityLimit, which cannot be used in real adaboost]
<VERBOSE>                          :     PruneMethod: "NoPruning" [Note: for BDTs use small trees (e.g.MaxDepth=3) and NoPruning:  Pruning: Method used for pruning (removal) of statistically insignificant branches ]
<VERBOSE>                          :     PruneStrength: "0.000000e+00" [Pruning strength]
<VERBOSE>                          :     PruningValFraction: "5.000000e-01" [Fraction of events to use for optimizing automatic pruning.]
<VERBOSE>                          :     SkipNormalization: "False" [Skip normalization at initialization, to keep expectation value of BDT output according to the fraction of events]
<VERBOSE>                          :     nEventsMin: "0" [deprecated: Use MinNodeSize (in % of training events) instead]
<VERBOSE>                          :     UseBaggedGrad: "False" [deprecated: Use *UseBaggedBoost* instead:  Use only a random subsample of all events for growing the trees in each iteration.]
<VERBOSE>                          :     GradBaggingFraction: "6.000000e-01" [deprecated: Use *BaggedSampleFraction* instead: Defines the fraction of events to be used in each iteration, e.g. when UseBaggedGrad=kTRUE. ]
<VERBOSE>                          :     UseNTrainEvents: "0" [deprecated: Use *BaggedSampleFraction* instead: Number of randomly picked training events used in randomised (and bagged) trees]
<VERBOSE>                          :     NNodesMax: "0" [deprecated: Use MaxDepth instead to limit the tree size]
<VERBOSE>                          : Parsing option string: 
<VERBOSE>                          : ... "V:NormMode=EqualNumEvents"
<VERBOSE>                          : The following options are set:
<VERBOSE>                          : - By User:
<VERBOSE>                          :     NormMode: "EqualNumEvents" [Overall renormalisation of  event-by-event weights used in the training (NumEvents: average weight of 1 per event, independently for signal and background; EqualNumEvents: average weight of 1 per event for signal, and sum of weights for background equal to sum of weights for signal)]
<VERBOSE>                          :     V: "True" [Verbosity (default: true)]
<VERBOSE>                          : - Default:
<VERBOSE>                          :     SplitMode: "Random" [Method of picking training and testing events (default: random)]
<VERBOSE>                          :     MixMode: "SameAsSplitMode" [Method of mixing events of different classes into one dataset (default: SameAsSplitMode)]
<VERBOSE>                          :     SplitSeed: "100" [Seed for random event shuffling]
<VERBOSE>                          :     ScaleWithPreselEff: "False" [Scale the number of requested events by the eff. of the preselection cuts (or not)]
<VERBOSE>                          :     nTrain_Signal: "0" [Number of training events of class Signal (default: 0 = all)]
<VERBOSE>                          :     nTest_Signal: "0" [Number of test events of class Signal (default: 0 = all)]
<VERBOSE>                          :     TrainTestSplit_Signal: "0.000000e+00" [Number of test events of class Signal (default: 0 = all)]
<VERBOSE>                          :     nTrain_Background: "0" [Number of training events of class Background (default: 0 = all)]
<VERBOSE>                          :     nTest_Background: "0" [Number of test events of class Background (default: 0 = all)]
<VERBOSE>                          :     TrainTestSplit_Background: "0.000000e+00" [Number of test events of class Background (default: 0 = all)]
<VERBOSE>                          :     VerboseLevel: "Info" [VerboseLevel (Debug/Verbose/Info)]
<HEADER> DataSetFactory           : [dataset] : Number of events in input trees
                         : 
                         : 
                         : Dataset[dataset] : Weight renormalisation mode: "EqualNumEvents": renormalises all event classes ...
                         : Dataset[dataset] :  such that the effective (weighted) number of events in each class is the same 
                         : Dataset[dataset] :  (and equals the number of events (entries) given for class=0 )
                         : Dataset[dataset] : ... i.e. such that Sum[i=1..N_j]{w_i} = N_classA, j=classA, classB, ...
                         : Dataset[dataset] : ... (note that N_j is the sum of TRAINING events
                         : Dataset[dataset] :  ..... Testing events are not renormalised nor included in the renormalisation factor!)
                         : Number of training and testing events
                         : ---------------------------------------------------------------------------
                         : Signal     -- training events            : 1108306
                         : Signal     -- testing events             : 1108716
                         : Signal     -- training and testing events: 2217022
                         : Background -- training events            : 811242
                         : Background -- testing events             : 811067
                         : Background -- training and testing events: 1622309
                         : 
<HEADER> DataSetInfo              : Correlation matrix (Signal):
                         : ------------------------------------------------------------------------------------------------------------------------------------------------------------------------------------------------------------------------------------------------------------------------------------------------------------------------------------------------------------------------------------------------------------------------------------------------------------------------------------------------------------
                         :                  pho1_ptOverMgg pho1_eta pho1_PixelSeed pho2_ptOverMgg pho2_eta pho2_PixelSeed pho_maxIDMVA pho_minIDMVA dipho_ptOverMgg dipho_eta dipho_dPhi dipho_dR dipho_heliAngle jet1_pt jet1_eta jet1_btag jet2_pt jet2_eta jet2_btag jet3_pt jet3_eta jet3_btag jet4_pt jet4_eta jet4_btag jet_btag1 jet_btag2   jet_N  jet_Ht  met_Pt TT_tqH_ptOverM TT_tqH_eta TT_dR_tqH_H TT_dR_qH TT_dR_tt TT_tbW_pt TT_tbW_eta TT_tbW_M TT_dR_tbW_H TT_score ST_tbW_pt ST_tbW_eta ST_tbW_M ST_dR_tbW_H ST_score
                         :  pho1_ptOverMgg:         +1.000   +0.000         -0.026         +0.322   -0.001         -0.022       +0.012       +0.005          +0.903    +0.000     -0.064   -0.652          +0.144  +0.525   +0.001    +0.014  +0.341   -0.001    +0.009  +0.265   +0.002    +0.005  +0.057   +0.052    +0.052    +0.004    +0.015  +0.091  +0.427  +0.111         +0.052     +0.052      +0.051   +0.051   +0.052    +0.131     +0.052   +0.070      +0.052   +0.052    +0.581     +0.001   +0.119      +0.011   +0.016
                         :        pho1_eta:         +0.000   +1.000         -0.002         +0.003   +0.543         -0.002       +0.000       +0.003          +0.001    +0.883     -0.001   -0.002          -0.004  +0.000   +0.258    -0.002  +0.003   +0.296    -0.001  +0.002   +0.273    +0.002  -0.000   +0.000    -0.000    -0.004    -0.000  +0.001  +0.001  -0.000         -0.000     +0.002      -0.000   -0.000   -0.000    +0.000     +0.000   -0.000      -0.000   -0.000    +0.001     +0.321   -0.001      -0.001   +0.002
                         :  pho1_PixelSeed:         -0.026   -0.002         +1.000         -0.013   -0.000         +0.030       -0.079       -0.064          -0.017    -0.001     +0.002   +0.017          +0.071  -0.015   -0.001    +0.001  -0.011   -0.001    +0.003  -0.012   +0.001    -0.002  -0.011   -0.010    -0.010    +0.000    +0.001  -0.012  -0.016  +0.017         -0.010     -0.010      -0.010   -0.010   -0.010    -0.013     -0.010   -0.010      -0.010   -0.010    -0.013     -0.001   +0.002      +0.026   -0.005
                         :  pho2_ptOverMgg:         +0.322   +0.003         -0.013         +1.000   +0.002         -0.024       +0.019       +0.016          +0.585    +0.003     -0.038   -0.653          -0.487  +0.355   +0.002    +0.009  +0.232   +0.000    +0.008  +0.175   +0.002    +0.003  +0.035   +0.032    +0.032    +0.002    +0.007  +0.056  +0.286  +0.075         +0.032     +0.032      +0.031   +0.032   +0.032    +0.084     +0.032   +0.044      +0.032   +0.032    +0.387     +0.002   +0.080      +0.018   +0.014
                         :        pho2_eta:         -0.001   +0.543         -0.000         +0.002   +1.000         -0.006       -0.004       -0.001          +0.001    +0.769     -0.001   -0.002          -0.000  -0.000   +0.219    -0.001  +0.002   +0.254    +0.001  +0.002   +0.231    +0.001  +0.002   +0.002    +0.002    -0.001    +0.002  +0.001  +0.001  -0.002         +0.002     +0.003      +0.002   +0.002   +0.002    +0.002     +0.002   +0.001      +0.002   +0.002    +0.002     +0.271   -0.002      -0.001   +0.002
                         :  pho2_PixelSeed:         -0.022   -0.002         +0.030         -0.024   -0.006         +1.000       -0.068       -0.077          -0.014    -0.004     +0.002   +0.016          -0.107  -0.012   +0.000    +0.001  -0.010   -0.000    +0.001  -0.011   -0.002    -0.001  -0.008   -0.008    -0.008    -0.002    +0.000  -0.006  -0.013  +0.018         -0.008     -0.008      -0.008   -0.008   -0.008    -0.010     -0.008   -0.008      -0.008   -0.008    -0.009     -0.001   -0.003      +0.018   -0.001
                         :    pho_maxIDMVA:         +0.012   +0.000         -0.079         +0.019   -0.004         -0.068       +1.000       +0.435          +0.022    -0.002     -0.026   -0.045          +0.000  -0.040   -0.000    +0.005  -0.020   -0.001    +0.001  -0.012   -0.003    +0.001  -0.004   -0.004    -0.004    +0.010    -0.005  -0.013  -0.031  -0.039         -0.004     -0.004      -0.004   -0.004   -0.004    -0.007     -0.004   -0.007      -0.004   -0.004    -0.015     -0.002   -0.012      +0.016   +0.015
                         :    pho_minIDMVA:         +0.005   +0.003         -0.064         +0.016   -0.001         -0.077       +0.435       +1.000          +0.015    +0.000     -0.023   -0.033          +0.005  -0.058   +0.001    +0.009  -0.033   +0.000    +0.001  -0.022   -0.001    +0.003  -0.002   -0.001    -0.001    +0.016    +0.002  -0.015  -0.045  -0.047         -0.001     -0.001      -0.001   -0.001   -0.001    -0.007     -0.001   -0.005      -0.001   -0.001    -0.038     -0.001   -0.015      +0.031   +0.022
                         : dipho_ptOverMgg:         +0.903   +0.001         -0.017         +0.585   +0.001         -0.014       +0.022       +0.015          +1.000    +0.001     -0.144   -0.861          -0.031  +0.566   +0.002    +0.014  +0.378   -0.001    +0.008  +0.297   +0.002    +0.008  +0.068   +0.062    +0.062    +0.005    +0.015  +0.104  +0.467  +0.120         +0.062     +0.062      +0.061   +0.062   +0.062    +0.148     +0.062   +0.081      +0.062   +0.062    +0.645     +0.002   +0.129      +0.010   +0.024
                         :       dipho_eta:         +0.000   +0.883         -0.001         +0.003   +0.769         -0.004       -0.002       +0.000          +0.001    +1.000     -0.001   -0.003          -0.003  +0.001   +0.263    -0.002  +0.003   +0.306    -0.001  +0.003   +0.279    +0.001  +0.000   +0.000    -0.000    -0.003    +0.000  +0.001  +0.002  -0.001         -0.000     +0.002      -0.000   -0.000   -0.000    +0.001     +0.000   -0.000      -0.000   -0.000    +0.002     +0.337   -0.001      -0.000   +0.002
                         :      dipho_dPhi:         -0.064   -0.001         +0.002         -0.038   -0.001         +0.002       -0.026       -0.023          -0.144    -0.001     +1.000   +0.403          +0.110  -0.021   -0.002    +0.000  -0.024   -0.000    +0.006  -0.027   -0.002    -0.005  -0.011   -0.010    -0.010    -0.002    +0.003  -0.015  -0.026  -0.005         -0.010     -0.010      -0.010   -0.010   -0.010    -0.018     -0.010   -0.010      -0.010   -0.010    -0.076     -0.001   -0.008      +0.002   -0.012
                         :        dipho_dR:         -0.652   -0.002         +0.017         -0.653   -0.002         +0.016       -0.045       -0.033          -0.861    -0.003     +0.403   +1.000          +0.254  -0.445   -0.003    -0.012  -0.316   +0.000    -0.004  -0.256   -0.003    -0.009  -0.062   -0.057    -0.057    -0.007    -0.011  -0.093  -0.380  -0.097         -0.057     -0.057      -0.056   -0.056   -0.056    -0.129     -0.057   -0.070      -0.057   -0.057    -0.555     -0.002   -0.103      -0.012   -0.032
                         : dipho_heliAngle:         +0.144   -0.004         +0.071         -0.487   -0.000         -0.107       +0.000       +0.005          -0.031    -0.003     +0.110   +0.254          +1.000  -0.022   -0.002    -0.001  -0.018   -0.001    -0.001  -0.012   -0.001    -0.000  -0.001   -0.001    -0.001    -0.004    +0.001  -0.003  -0.019  -0.004         -0.001     -0.001      -0.001   -0.001   -0.001    -0.005     -0.001   -0.001      -0.001   -0.001    -0.029     -0.001   -0.003      -0.018   -0.008
                         :         jet1_pt:         +0.525   +0.000         -0.015         +0.355   -0.000         -0.012       -0.040       -0.058          +0.566    +0.001     -0.021   -0.445          -0.022  +1.000   +0.002    -0.023  +0.694   -0.001    +0.009  +0.512   +0.001    +0.023  +0.152   +0.141    +0.141    -0.002    +0.048  +0.242  +0.851  +0.127         +0.141     +0.141      +0.141   +0.141   +0.141    +0.234     +0.141   +0.191      +0.141   +0.141    +0.663     +0.001   +0.318      -0.155   -0.091
                         :        jet1_eta:         +0.001   +0.258         -0.001         +0.002   +0.219         +0.000       -0.000       +0.001          +0.002    +0.263     -0.002   -0.003          -0.002  +0.002   +1.000    -0.002  +0.004   +0.373    -0.000  +0.002   +0.316    -0.001  +0.001   +0.001    +0.001    -0.002    +0.000  +0.002  +0.003  +0.002         +0.001     +0.001      +0.001   +0.001   +0.001    +0.001     +0.002   +0.001      +0.001   +0.001    +0.003     +0.669   +0.001      +0.002   +0.001
                         :       jet1_btag:         +0.014   -0.002         +0.001         +0.009   -0.001         +0.001       +0.005       +0.009          +0.014    -0.002     +0.000   -0.012          -0.001  -0.023   -0.002    +1.000  -0.056   -0.002    -0.183  -0.074   -0.003    -0.129  -0.074   -0.072    -0.072    +0.316    +0.204  -0.093  -0.071  -0.014         -0.072     -0.072      -0.072   -0.072   -0.072    -0.069     -0.072   -0.071      -0.072   -0.072    +0.016     -0.003   +0.029      +0.065   +0.044
                         :         jet2_pt:         +0.341   +0.003         -0.011         +0.232   +0.002         -0.010       -0.020       -0.033          +0.378    +0.003     -0.024   -0.316          -0.018  +0.694   +0.004    -0.056  +1.000   +0.000    +0.033  +0.713   +0.002    +0.039  +0.231   +0.217    +0.217    +0.019    +0.068  +0.332  +0.854  +0.114         +0.217     +0.217      +0.216   +0.216   +0.216    +0.299     +0.217   +0.264      +0.216   +0.217    +0.604     +0.002   +0.307      -0.134   -0.035
                         :        jet2_eta:         -0.001   +0.296         -0.001         +0.000   +0.254         -0.000       -0.001       +0.000          -0.001    +0.306     -0.000   +0.000          -0.001  -0.001   +0.373    -0.002  +0.000   +1.000    +0.001  -0.001   +0.260    +0.000  -0.001   -0.000    -0.001    -0.001    +0.001  -0.002  -0.001  -0.002         -0.001     -0.000      -0.001   -0.001   -0.001    -0.001     +0.001   -0.001      -0.001   -0.001    +0.001     +0.608   -0.001      +0.001   +0.003
                         :       jet2_btag:         +0.009   -0.001         +0.003         +0.008   +0.001         +0.001       +0.001       +0.001          +0.008    -0.001     +0.006   -0.004          -0.001  +0.009   -0.000    -0.183  +0.033   +0.001    +1.000  +0.009   -0.001    -0.084  -0.031   -0.031    -0.032    +0.225    +0.227  -0.034  +0.004  -0.000         -0.031     -0.031      -0.031   -0.031   -0.031    -0.030     -0.031   -0.028      -0.031   -0.031    -0.003     -0.000   +0.023      -0.005   +0.042
                         :         jet3_pt:         +0.265   +0.002         -0.012         +0.175   +0.002         -0.011       -0.012       -0.022          +0.297    +0.003     -0.027   -0.256          -0.012  +0.512   +0.002    -0.074  +0.713   -0.001    +0.009  +1.000   +0.001    +0.068  +0.341   +0.322    +0.322    +0.041    +0.097  +0.456  +0.794  +0.098         +0.322     +0.322      +0.322   +0.322   +0.322    +0.392     +0.322   +0.356      +0.322   +0.322    +0.512     +0.001   +0.203      -0.137   +0.056
                         :        jet3_eta:         +0.002   +0.273         +0.001         +0.002   +0.231         -0.002       -0.003       -0.001          +0.002    +0.279     -0.002   -0.003          -0.001  +0.001   +0.316    -0.003  +0.002   +0.260    -0.001  +0.001   +1.000    -0.005  +0.001   +0.001    +0.000    -0.004    -0.002  +0.001  +0.002  +0.001         +0.000     +0.001      +0.000   +0.000   +0.000    +0.001     +0.002   +0.000      +0.000   +0.000    +0.002     +0.535   -0.000      +0.002   -0.001
                         :       jet3_btag:         +0.005   +0.002         -0.002         +0.003   +0.001         -0.001       +0.001       +0.003          +0.008    +0.001     -0.005   -0.009          -0.000  +0.023   -0.001    -0.129  +0.039   +0.000    -0.084  +0.068   -0.005    +1.000  +0.019   +0.019    +0.019    +0.157    +0.229  +0.013  +0.039  -0.004         +0.019     +0.019      +0.019   +0.019   +0.019    +0.020     +0.019   +0.020      +0.019   +0.019    +0.012     -0.002   +0.009      -0.014   +0.066
                         :         jet4_pt:         +0.057   -0.000         -0.011         +0.035   +0.002         -0.008       -0.004       -0.002          +0.068    +0.000     -0.011   -0.062          -0.001  +0.152   +0.001    -0.074  +0.231   -0.001    -0.031  +0.341   +0.001    +0.019  +1.000   +1.000    +1.000    +0.051    +0.175  +0.707  +0.400  +0.046         +1.000     +1.000      +1.000   +1.000   +1.000    +0.990     +1.000   +0.989      +1.000   +1.000    +0.144     +0.002   -0.253      -0.146   +0.418
                         :        jet4_eta:         +0.052   +0.000         -0.010         +0.032   +0.002         -0.008       -0.004       -0.001          +0.062    +0.000     -0.010   -0.057          -0.001  +0.141   +0.001    -0.072  +0.217   -0.000    -0.031  +0.322   +0.001    +0.019  +1.000   +1.000    +1.000    +0.050    +0.173  +0.697  +0.382  +0.044         +1.000     +1.000      +1.000   +1.000   +1.000    +0.988     +1.000   +0.989      +1.000   +1.000    +0.133     +0.003   -0.257      -0.143   +0.419
                         :       jet4_btag:         +0.052   -0.000         -0.010         +0.032   +0.002         -0.008       -0.004       -0.001          +0.062    -0.000     -0.010   -0.057          -0.001  +0.141   +0.001    -0.072  +0.217   -0.001    -0.032  +0.322   +0.000    +0.019  +1.000   +1.000    +1.000    +0.050    +0.173  +0.697  +0.382  +0.044         +1.000     +1.000      +1.000   +1.000   +1.000    +0.988     +1.000   +0.989      +1.000   +1.000    +0.133     +0.002   -0.257      -0.143   +0.419
                         :       jet_btag1:         +0.004   -0.004         +0.000         +0.002   -0.001         -0.002       +0.010       +0.016          +0.005    -0.003     -0.002   -0.007          -0.004  -0.002   -0.002    +0.316  +0.019   -0.001    +0.225  +0.041   -0.004    +0.157  +0.051   +0.050    +0.050    +1.000    +0.300  +0.053  +0.029  -0.022         +0.050     +0.050      +0.050   +0.050   +0.050    +0.049     +0.050   +0.046      +0.050   +0.050    +0.020     -0.002   -0.028      +0.015   +0.267
                         :       jet_btag2:         +0.015   -0.000         +0.001         +0.007   +0.002         +0.000       -0.005       +0.002          +0.015    +0.000     +0.003   -0.011          +0.001  +0.048   +0.000    +0.204  +0.068   +0.001    +0.227  +0.097   -0.002    +0.229  +0.175   +0.173    +0.173    +0.300    +1.000  +0.212  +0.124  +0.023         +0.173     +0.173      +0.173   +0.173   +0.173    +0.173     +0.173   +0.168      +0.173   +0.173    +0.029     -0.001   -0.048      -0.037   +0.166
                         :           jet_N:         +0.091   +0.001         -0.012         +0.056   +0.001         -0.006       -0.013       -0.015          +0.104    +0.001     -0.015   -0.093          -0.003  +0.242   +0.002    -0.093  +0.332   -0.002    -0.034  +0.456   +0.001    +0.013  +0.707   +0.697    +0.697    +0.053    +0.212  +1.000  +0.599  +0.075         +0.697     +0.697      +0.697   +0.697   +0.697    +0.703     +0.697   +0.677      +0.697   +0.697    +0.186     +0.003   -0.196      -0.172   +0.363
                         :          jet_Ht:         +0.427   +0.001         -0.016         +0.286   +0.001         -0.013       -0.031       -0.045          +0.467    +0.002     -0.026   -0.380          -0.019  +0.851   +0.003    -0.071  +0.854   -0.001    +0.004  +0.794   +0.002    +0.039  +0.400   +0.382    +0.382    +0.029    +0.124  +0.599  +1.000  +0.135         +0.382     +0.382      +0.382   +0.381   +0.382    +0.468     +0.382   +0.421      +0.382   +0.382    +0.651     +0.003   +0.221      -0.193   +0.060
                         :          met_Pt:         +0.111   -0.000         +0.017         +0.075   -0.002         +0.018       -0.039       -0.047          +0.120    -0.001     -0.005   -0.097          -0.004  +0.127   +0.002    -0.014  +0.114   -0.002    -0.000  +0.098   +0.001    -0.004  +0.046   +0.044    +0.044    -0.022    +0.023  +0.075  +0.135  +1.000         +0.044     +0.044      +0.044   +0.044   +0.044    +0.058     +0.044   +0.050      +0.044   +0.044    +0.098     +0.000   +0.039      -0.037   -0.024
                         :  TT_tqH_ptOverM:         +0.052   -0.000         -0.010         +0.032   +0.002         -0.008       -0.004       -0.001          +0.062    -0.000     -0.010   -0.057          -0.001  +0.141   +0.001    -0.072  +0.217   -0.001    -0.031  +0.322   +0.000    +0.019  +1.000   +1.000    +1.000    +0.050    +0.173  +0.697  +0.382  +0.044         +1.000     +1.000      +1.000   +1.000   +1.000    +0.988     +1.000   +0.989      +1.000   +1.000    +0.134     +0.002   -0.257      -0.143   +0.419
                         :      TT_tqH_eta:         +0.052   +0.002         -0.010         +0.032   +0.003         -0.008       -0.004       -0.001          +0.062    +0.002     -0.010   -0.057          -0.001  +0.141   +0.001    -0.072  +0.217   -0.000    -0.031  +0.322   +0.001    +0.019  +1.000   +1.000    +1.000    +0.050    +0.173  +0.697  +0.382  +0.044         +1.000     +1.000      +1.000   +1.000   +1.000    +0.988     +1.000   +0.989      +1.000   +1.000    +0.133     +0.002   -0.257      -0.143   +0.419
                         :     TT_dR_tqH_H:         +0.051   -0.000         -0.010         +0.031   +0.002         -0.008       -0.004       -0.001          +0.061    -0.000     -0.010   -0.056          -0.001  +0.141   +0.001    -0.072  +0.216   -0.001    -0.031  +0.322   +0.000    +0.019  +1.000   +1.000    +1.000    +0.050    +0.173  +0.697  +0.382  +0.044         +1.000     +1.000      +1.000   +1.000   +1.000    +0.988     +1.000   +0.989      +1.000   +1.000    +0.133     +0.002   -0.257      -0.143   +0.419
                         :        TT_dR_qH:         +0.051   -0.000         -0.010         +0.032   +0.002         -0.008       -0.004       -0.001          +0.062    -0.000     -0.010   -0.056          -0.001  +0.141   +0.001    -0.072  +0.216   -0.001    -0.031  +0.322   +0.000    +0.019  +1.000   +1.000    +1.000    +0.050    +0.173  +0.697  +0.381  +0.044         +1.000     +1.000      +1.000   +1.000   +1.000    +0.988     +1.000   +0.989      +1.000   +1.000    +0.133     +0.002   -0.257      -0.143   +0.419
                         :        TT_dR_tt:         +0.052   -0.000         -0.010         +0.032   +0.002         -0.008       -0.004       -0.001          +0.062    -0.000     -0.010   -0.056          -0.001  +0.141   +0.001    -0.072  +0.216   -0.001    -0.031  +0.322   +0.000    +0.019  +1.000   +1.000    +1.000    +0.050    +0.173  +0.697  +0.382  +0.044         +1.000     +1.000      +1.000   +1.000   +1.000    +0.988     +1.000   +0.989      +1.000   +1.000    +0.133     +0.002   -0.257      -0.142   +0.419
                         :       TT_tbW_pt:         +0.131   +0.000         -0.013         +0.084   +0.002         -0.010       -0.007       -0.007          +0.148    +0.001     -0.018   -0.129          -0.005  +0.234   +0.001    -0.069  +0.299   -0.001    -0.030  +0.392   +0.001    +0.020  +0.990   +0.988    +0.988    +0.049    +0.173  +0.703  +0.468  +0.058         +0.988     +0.988      +0.988   +0.988   +0.988    +1.000     +0.988   +0.983      +0.988   +0.988    +0.243     +0.002   -0.233      -0.147   +0.410
                         :      TT_tbW_eta:         +0.052   +0.000         -0.010         +0.032   +0.002         -0.008       -0.004       -0.001          +0.062    +0.000     -0.010   -0.057          -0.001  +0.141   +0.002    -0.072  +0.217   +0.001    -0.031  +0.322   +0.002    +0.019  +1.000   +1.000    +1.000    +0.050    +0.173  +0.697  +0.382  +0.044         +1.000     +1.000      +1.000   +1.000   +1.000    +0.988     +1.000   +0.989      +1.000   +1.000    +0.133     +0.004   -0.257      -0.143   +0.419
                         :        TT_tbW_M:         +0.070   -0.000         -0.010         +0.044   +0.001         -0.008       -0.007       -0.005          +0.081    -0.000     -0.010   -0.070          -0.001  +0.191   +0.001    -0.071  +0.264   -0.001    -0.028  +0.356   +0.000    +0.020  +0.989   +0.989    +0.989    +0.046    +0.168  +0.677  +0.421  +0.050         +0.989     +0.989      +0.989   +0.989   +0.989    +0.983     +0.989   +1.000      +0.989   +0.989    +0.157     +0.001   -0.204      -0.155   +0.369
                         :     TT_dR_tbW_H:         +0.052   -0.000         -0.010         +0.032   +0.002         -0.008       -0.004       -0.001          +0.062    -0.000     -0.010   -0.057          -0.001  +0.141   +0.001    -0.072  +0.216   -0.001    -0.031  +0.322   +0.000    +0.019  +1.000   +1.000    +1.000    +0.050    +0.173  +0.697  +0.382  +0.044         +1.000     +1.000      +1.000   +1.000   +1.000    +0.988     +1.000   +0.989      +1.000   +1.000    +0.133     +0.002   -0.257      -0.142   +0.419
                         :        TT_score:         +0.052   -0.000         -0.010         +0.032   +0.002         -0.008       -0.004       -0.001          +0.062    -0.000     -0.010   -0.057          -0.001  +0.141   +0.001    -0.072  +0.217   -0.001    -0.031  +0.322   +0.000    +0.019  +1.000   +1.000    +1.000    +0.050    +0.173  +0.697  +0.382  +0.044         +1.000     +1.000      +1.000   +1.000   +1.000    +0.988     +1.000   +0.989      +1.000   +1.000    +0.133     +0.002   -0.257      -0.143   +0.419
                         :       ST_tbW_pt:         +0.581   +0.001         -0.013         +0.387   +0.002         -0.009       -0.015       -0.038          +0.645    +0.002     -0.076   -0.555          -0.029  +0.663   +0.003    +0.016  +0.604   +0.001    -0.003  +0.512   +0.002    +0.012  +0.144   +0.133    +0.133    +0.020    +0.029  +0.186  +0.651  +0.098         +0.134     +0.133      +0.133   +0.133   +0.133    +0.243     +0.133   +0.157      +0.133   +0.133    +1.000     +0.002   +0.162      +0.004   +0.074
                         :      ST_tbW_eta:         +0.001   +0.321         -0.001         +0.002   +0.271         -0.001       -0.002       -0.001          +0.002    +0.337     -0.001   -0.002          -0.001  +0.001   +0.669    -0.003  +0.002   +0.608    -0.000  +0.001   +0.535    -0.002  +0.002   +0.003    +0.002    -0.002    -0.001  +0.003  +0.003  +0.000         +0.002     +0.002      +0.002   +0.002   +0.002    +0.002     +0.004   +0.001      +0.002   +0.002    +0.002     +1.000   -0.000      +0.000   +0.002
                         :        ST_tbW_M:         +0.119   -0.001         +0.002         +0.080   -0.002         -0.003       -0.012       -0.015          +0.129    -0.001     -0.008   -0.103          -0.003  +0.318   +0.001    +0.029  +0.307   -0.001    +0.023  +0.203   -0.000    +0.009  -0.253   -0.257    -0.257    -0.028    -0.048  -0.196  +0.221  +0.039         -0.257     -0.257      -0.257   -0.257   -0.257    -0.233     -0.257   -0.204      -0.257   -0.257    +0.162     -0.000   +1.000      +0.085   -0.548
                         :     ST_dR_tbW_H:         +0.011   -0.001         +0.026         +0.018   -0.001         +0.018       +0.016       +0.031          +0.010    -0.000     +0.002   -0.012          -0.018  -0.155   +0.002    +0.065  -0.134   +0.001    -0.005  -0.137   +0.002    -0.014  -0.146   -0.143    -0.143    +0.015    -0.037  -0.172  -0.193  -0.037         -0.143     -0.143      -0.143   -0.143   -0.142    -0.147     -0.143   -0.155      -0.142   -0.143    +0.004     +0.000   +0.085      +1.000   -0.026
                         :        ST_score:         +0.016   +0.002         -0.005         +0.014   +0.002         -0.001       +0.015       +0.022          +0.024    +0.002     -0.012   -0.032          -0.008  -0.091   +0.001    +0.044  -0.035   +0.003    +0.042  +0.056   -0.001    +0.066  +0.418   +0.419    +0.419    +0.267    +0.166  +0.363  +0.060  -0.024         +0.419     +0.419      +0.419   +0.419   +0.419    +0.410     +0.419   +0.369      +0.419   +0.419    +0.074     +0.002   -0.548      -0.026   +1.000
                         : ------------------------------------------------------------------------------------------------------------------------------------------------------------------------------------------------------------------------------------------------------------------------------------------------------------------------------------------------------------------------------------------------------------------------------------------------------------------------------------------------------------
<HEADER> DataSetInfo              : Correlation matrix (Background):
                         : ------------------------------------------------------------------------------------------------------------------------------------------------------------------------------------------------------------------------------------------------------------------------------------------------------------------------------------------------------------------------------------------------------------------------------------------------------------------------------------------------------------
                         :                  pho1_ptOverMgg pho1_eta pho1_PixelSeed pho2_ptOverMgg pho2_eta pho2_PixelSeed pho_maxIDMVA pho_minIDMVA dipho_ptOverMgg dipho_eta dipho_dPhi dipho_dR dipho_heliAngle jet1_pt jet1_eta jet1_btag jet2_pt jet2_eta jet2_btag jet3_pt jet3_eta jet3_btag jet4_pt jet4_eta jet4_btag jet_btag1 jet_btag2   jet_N  jet_Ht  met_Pt TT_tqH_ptOverM TT_tqH_eta TT_dR_tqH_H TT_dR_qH TT_dR_tt TT_tbW_pt TT_tbW_eta TT_tbW_M TT_dR_tbW_H TT_score ST_tbW_pt ST_tbW_eta ST_tbW_M ST_dR_tbW_H ST_score
