[INFO] Reading input dir: /wk_cms2/mc_cheng/public/tqHGG/2017/BDT_input_lep
DataSetInfo              : [dataset] : Added class "Signal"
                         : Add Tree T of type Signal with 1113532 events
                         : Add Tree T of type Signal with 1112410 events
DataSetInfo              : [dataset] : Added class "Background"
                         : Add Tree T of type Background with 29120 events
                         : Add Tree T of type Background with 29577 events
                         : Add Tree T of type Background with 58021 events
                         : Add Tree T of type Background with 57015 events
                         : Parsing option string: 
                         : ... "V:AnalysisType=Classification"
                         : The following options are set:
                         : - By User:
                         :     V: "True" [Verbose flag]
                         :     AnalysisType: "Classification" [Set the analysis type (Classification, Regression, Multiclass, Auto) (default: Auto)]
                         : - Default:
                         :     Color: "False" [Flag for coloured screen output (default: True, if in batch mode: False)]
                         :     Transformations: "I" [List of transformations to test; formatting example: "Transformations=I;D;P;U;G,D", for identity, decorrelation, PCA, Uniform and Gaussianisation followed by decorrelation transformations]
                         :     Correlations: "False" [boolean to show correlation in output]
                         :     ROC: "True" [boolean to show ROC in output]
                         :     Silent: "False" [Batch mode: boolean silent flag inhibiting any output from TMVA after the creation of the factory class object (default: False)]
                         :     DrawProgressBar: "True" [Draw progress bar to display training, testing and evaluation schedule (default: True)]
                         :     ModelPersistence: "True" [Option to save the trained model in xml file or using serialization]
<HEADER> Factory                  : Booking method: BDT
                         : 
<VERBOSE>                          : Parsing option string: 
<VERBOSE>                          : ... "H:V:NTrees=800:MaxDepth=5:BoostType=AdaBoost:AdaBoostBeta=0.4:IgnoreNegWeightsInTraining"
<VERBOSE>                          : The following options are set:
<VERBOSE>                          : - By User:
<VERBOSE>                          :     <none>
<VERBOSE>                          : - Default:
<VERBOSE>                          :     Boost_num: "0" [Number of times the classifier will be boosted]
<VERBOSE>                          : Parsing option string: 
<VERBOSE>                          : ... "H:V:NTrees=800:MaxDepth=5:BoostType=AdaBoost:AdaBoostBeta=0.4:IgnoreNegWeightsInTraining"
<VERBOSE>                          : The following options are set:
<VERBOSE>                          : - By User:
<VERBOSE>                          :     V: "True" [Verbose output (short form of "VerbosityLevel" below - overrides the latter one)]
<VERBOSE>                          :     H: "True" [Print method-specific help message]
<VERBOSE>                          :     IgnoreNegWeightsInTraining: "True" [Events with negative weights are ignored in the training (but are included for testing and performance evaluation)]
<VERBOSE>                          :     NTrees: "800" [Number of trees in the forest]
<VERBOSE>                          :     MaxDepth: "5" [Max depth of the decision tree allowed]
<VERBOSE>                          :     BoostType: "AdaBoost" [Boosting type for the trees in the forest (note: AdaCost is still experimental)]
<VERBOSE>                          :     AdaBoostBeta: "4.000000e-01" [Learning rate  for AdaBoost algorithm]
<VERBOSE>                          : - Default:
<VERBOSE>                          :     VerbosityLevel: "Default" [Verbosity level]
<VERBOSE>                          :     VarTransform: "None" [List of variable transformations performed before training, e.g., "D_Background,P_Signal,G,N_AllClasses" for: "Decorrelation, PCA-transformation, Gaussianisation, Normalisation, each for the given class of events ('AllClasses' denotes all events of all classes, if no class indication is given, 'All' is assumed)"]
<VERBOSE>                          :     CreateMVAPdfs: "False" [Create PDFs for classifier outputs (signal and background)]
<VERBOSE>                          :     MinNodeSize: "5%" [Minimum percentage of training events required in a leaf node (default: Classification: 5%, Regression: 0.2%)]
<VERBOSE>                          :     nCuts: "20" [Number of grid points in variable range used in finding optimal cut in node splitting]
<VERBOSE>                          :     AdaBoostR2Loss: "Quadratic" [Type of Loss function in AdaBoostR2]
<VERBOSE>                          :     UseBaggedBoost: "False" [Use only a random subsample of all events for growing the trees in each boost iteration.]
<VERBOSE>                          :     Shrinkage: "1.000000e+00" [Learning rate for GradBoost algorithm]
<VERBOSE>                          :     UseRandomisedTrees: "False" [Determine at each node splitting the cut variable only as the best out of a random subset of variables (like in RandomForests)]
<VERBOSE>                          :     UseNvars: "7" [Size of the subset of variables used with RandomisedTree option]
<VERBOSE>                          :     UsePoissonNvars: "True" [Interpret "UseNvars" not as fixed number but as mean of a Poisson distribution in each split with RandomisedTree option]
<VERBOSE>                          :     BaggedSampleFraction: "6.000000e-01" [Relative size of bagged event sample to original size of the data sample (used whenever bagging is used (i.e. UseBaggedBoost, Bagging,)]
<VERBOSE>                          :     UseYesNoLeaf: "True" [Use Sig or Bkg categories, or the purity=S/(S+B) as classification of the leaf node -> Real-AdaBoost]
<VERBOSE>                          :     NegWeightTreatment: "InverseBoostNegWeights" [How to treat events with negative weights in the BDT training (particular the boosting) : IgnoreInTraining;  Boost With inverse boostweight; Pair events with negative and positive weights in training sample and *annihilate* them (experimental!)]
<VERBOSE>                          :     Css: "1.000000e+00" [AdaCost: cost of true signal selected signal]
<VERBOSE>                          :     Cts_sb: "1.000000e+00" [AdaCost: cost of true signal selected bkg]
<VERBOSE>                          :     Ctb_ss: "1.000000e+00" [AdaCost: cost of true bkg    selected signal]
<VERBOSE>                          :     Cbb: "1.000000e+00" [AdaCost: cost of true bkg    selected bkg ]
<VERBOSE>                          :     NodePurityLimit: "5.000000e-01" [In boosting/pruning, nodes with purity > NodePurityLimit are signal; background otherwise.]
<VERBOSE>                          :     SeparationType: "GiniIndex" [Separation criterion for node splitting]
<VERBOSE>                          :     RegressionLossFunctionBDTG: "Huber" [Loss function for BDTG regression.]
<VERBOSE>                          :     HuberQuantile: "7.000000e-01" [In the Huber loss function this is the quantile that separates the core from the tails in the residuals distribution.]
<VERBOSE>                          :     DoBoostMonitor: "False" [Create control plot with ROC integral vs tree number]
<VERBOSE>                          :     UseFisherCuts: "False" [Use multivariate splits using the Fisher criterion]
<VERBOSE>                          :     MinLinCorrForFisher: "8.000000e-01" [The minimum linear correlation between two variables demanded for use in Fisher criterion in node splitting]
<VERBOSE>                          :     UseExclusiveVars: "False" [Variables already used in fisher criterion are not anymore analysed individually for node splitting]
<VERBOSE>                          :     DoPreselection: "False" [and and apply automatic pre-selection for 100% efficient signal (bkg) cuts prior to training]
<VERBOSE>                          :     SigToBkgFraction: "1.000000e+00" [Sig to Bkg ratio used in Training (similar to NodePurityLimit, which cannot be used in real adaboost]
<VERBOSE>                          :     PruneMethod: "NoPruning" [Note: for BDTs use small trees (e.g.MaxDepth=3) and NoPruning:  Pruning: Method used for pruning (removal) of statistically insignificant branches ]
<VERBOSE>                          :     PruneStrength: "0.000000e+00" [Pruning strength]
<VERBOSE>                          :     PruningValFraction: "5.000000e-01" [Fraction of events to use for optimizing automatic pruning.]
<VERBOSE>                          :     SkipNormalization: "False" [Skip normalization at initialization, to keep expectation value of BDT output according to the fraction of events]
<VERBOSE>                          :     nEventsMin: "0" [deprecated: Use MinNodeSize (in % of training events) instead]
<VERBOSE>                          :     UseBaggedGrad: "False" [deprecated: Use *UseBaggedBoost* instead:  Use only a random subsample of all events for growing the trees in each iteration.]
<VERBOSE>                          :     GradBaggingFraction: "6.000000e-01" [deprecated: Use *BaggedSampleFraction* instead: Defines the fraction of events to be used in each iteration, e.g. when UseBaggedGrad=kTRUE. ]
<VERBOSE>                          :     UseNTrainEvents: "0" [deprecated: Use *BaggedSampleFraction* instead: Number of randomly picked training events used in randomised (and bagged) trees]
<VERBOSE>                          :     NNodesMax: "0" [deprecated: Use MaxDepth instead to limit the tree size]
<VERBOSE>                          : Parsing option string: 
<VERBOSE>                          : ... "V:NormMode=EqualNumEvents"
<VERBOSE>                          : The following options are set:
<VERBOSE>                          : - By User:
<VERBOSE>                          :     NormMode: "EqualNumEvents" [Overall renormalisation of  event-by-event weights used in the training (NumEvents: average weight of 1 per event, independently for signal and background; EqualNumEvents: average weight of 1 per event for signal, and sum of weights for background equal to sum of weights for signal)]
<VERBOSE>                          :     V: "True" [Verbosity (default: true)]
<VERBOSE>                          : - Default:
<VERBOSE>                          :     SplitMode: "Random" [Method of picking training and testing events (default: random)]
<VERBOSE>                          :     MixMode: "SameAsSplitMode" [Method of mixing events of different classes into one dataset (default: SameAsSplitMode)]
<VERBOSE>                          :     SplitSeed: "100" [Seed for random event shuffling]
<VERBOSE>                          :     ScaleWithPreselEff: "False" [Scale the number of requested events by the eff. of the preselection cuts (or not)]
<VERBOSE>                          :     nTrain_Signal: "0" [Number of training events of class Signal (default: 0 = all)]
<VERBOSE>                          :     nTest_Signal: "0" [Number of test events of class Signal (default: 0 = all)]
<VERBOSE>                          :     TrainTestSplit_Signal: "0.000000e+00" [Number of test events of class Signal (default: 0 = all)]
<VERBOSE>                          :     nTrain_Background: "0" [Number of training events of class Background (default: 0 = all)]
<VERBOSE>                          :     nTest_Background: "0" [Number of test events of class Background (default: 0 = all)]
<VERBOSE>                          :     TrainTestSplit_Background: "0.000000e+00" [Number of test events of class Background (default: 0 = all)]
<VERBOSE>                          :     VerboseLevel: "Info" [VerboseLevel (Debug/Verbose/Info)]
<HEADER> DataSetFactory           : [dataset] : Number of events in input trees
                         : 
                         : 
                         : Dataset[dataset] : Weight renormalisation mode: "EqualNumEvents": renormalises all event classes ...
                         : Dataset[dataset] :  such that the effective (weighted) number of events in each class is the same 
                         : Dataset[dataset] :  (and equals the number of events (entries) given for class=0 )
                         : Dataset[dataset] : ... i.e. such that Sum[i=1..N_j]{w_i} = N_classA, j=classA, classB, ...
                         : Dataset[dataset] : ... (note that N_j is the sum of TRAINING events
                         : Dataset[dataset] :  ..... Testing events are not renormalised nor included in the renormalisation factor!)
                         : Number of training and testing events
                         : ---------------------------------------------------------------------------
                         : Signal     -- training events            : 1113532
                         : Signal     -- testing events             : 1112410
                         : Signal     -- training and testing events: 2225942
                         : Background -- training events            : 87141
                         : Background -- testing events             : 86592
                         : Background -- training and testing events: 173733
                         : 
<HEADER> DataSetInfo              : Correlation matrix (Signal):
                         : ------------------------------------------------------------------------------------------------------------------------------------------------------------------------------------------------------------------------------------------------------------------------------------------------------------------------------------------------------------------------------------------------------------------------------------------------------------------------------------------------------------------------------
                         :                  pho1_ptOverMgg pho1_eta pho1_PixelSeed pho2_ptOverMgg pho2_eta pho2_PixelSeed pho_maxIDMVA pho_minIDMVA dipho_ptOverMgg dipho_eta dipho_dPhi dipho_dR dipho_heliAngle lepton_ID lepton_pt lepton_eta lepton_ntight jet1_pt jet1_eta jet1_btag jet2_pt jet2_eta jet2_btag jet3_pt jet3_eta jet3_btag jet_btag1 jet_btag2   jet_N  jet_Ht  met_Pt TT_tqH_ptOverM TT_tqH_eta TT_dR_tqH_H TT_dR_qH TT_dR_tt TT_tbW_pt TT_tbW_eta TT_tbW_M TT_dR_tbW_H TT_score ST_tbW_pt ST_tbW_eta ST_tbW_M ST_dR_tbW_H ST_score
                         :  pho1_ptOverMgg:         +1.000   -0.000         -0.028         +0.298   -0.000         -0.020       +0.016       +0.001          +0.897    +0.000     -0.083   -0.648          +0.148    -0.031    +0.280     -0.002        +0.002  +0.368   +0.001    +0.022  +0.029   +0.016    +0.016  +0.065   +0.062    +0.063    +0.026    +0.016  +0.075  +0.281  +0.329         +0.017     +0.016      +0.016   +0.016   +0.016    +0.104     +0.016   +0.024      +0.016   +0.016    +0.611     -0.001   +0.083      +0.027   +0.080
                         :        pho1_eta:         -0.000   +1.000         -0.001         -0.001   +0.551         -0.001       +0.000       +0.001          -0.001    +0.885     +0.000   +0.001          -0.000    +0.001    +0.001     +0.256        +0.001  -0.003   +0.275    -0.002  +0.002   +0.002    +0.002  +0.000   +0.000    +0.000    -0.002    +0.002  +0.001  -0.001  -0.000         +0.002     +0.004      +0.002   +0.002   +0.002    +0.002     +0.002   +0.001      +0.002   +0.002    -0.001     +0.291   +0.001      +0.001   -0.002
                         :  pho1_PixelSeed:         -0.028   -0.001         +1.000         -0.014   +0.001         +0.032       -0.086       -0.071          -0.019    +0.000     +0.004   +0.018          +0.071    -0.013    -0.010     +0.000        +0.001  -0.015   +0.002    -0.001  -0.019   -0.019    -0.019  -0.012   -0.012    -0.012    -0.004    -0.019  -0.016  -0.017  -0.004         -0.019     -0.019      -0.019   -0.018   -0.019    -0.020     -0.019   -0.018      -0.019   -0.019    -0.015     +0.001   +0.008      +0.041   -0.002
                         :  pho2_ptOverMgg:         +0.298   -0.001         -0.014         +1.000   -0.001         -0.022       +0.023       +0.009          +0.567    -0.001     -0.063   -0.651          -0.495    -0.021    +0.175     +0.001        +0.000  +0.245   -0.004    +0.016  +0.020   +0.012    +0.012  +0.040   +0.038    +0.038    +0.017    +0.012  +0.047  +0.185  +0.215         +0.012     +0.012      +0.012   +0.012   +0.012    +0.068     +0.012   +0.016      +0.012   +0.012    +0.396     +0.000   +0.051      +0.029   +0.056
                         :        pho2_eta:         -0.000   +0.551         +0.001         -0.001   +1.000         -0.004       +0.001       +0.003          -0.001    +0.773     -0.001   +0.001          +0.001    +0.002    +0.000     +0.222        -0.000  -0.002   +0.236    -0.001  +0.001   +0.001    +0.000  +0.001   +0.001    +0.001    -0.001    +0.000  +0.001  -0.001  -0.000         +0.000     +0.002      +0.000   +0.000   +0.000    +0.000     +0.001   +0.000      +0.000   +0.000    -0.002     +0.249   +0.000      +0.001   +0.001
                         :  pho2_PixelSeed:         -0.020   -0.001         +0.032         -0.022   -0.004         +1.000       -0.075       -0.083          -0.012    -0.003     +0.005   +0.015          -0.106    -0.010    -0.007     +0.002        -0.005  -0.009   +0.001    +0.000  -0.010   -0.010    -0.010  -0.004   -0.004    -0.004    -0.002    -0.010  -0.006  -0.009  -0.001         -0.010     -0.010      -0.010   -0.010   -0.010    -0.011     -0.010   -0.009      -0.010   -0.010    -0.010     +0.001   +0.007      +0.028   -0.001
                         :    pho_maxIDMVA:         +0.016   +0.000         -0.086         +0.023   +0.001         -0.075       +1.000       +0.430          +0.022    +0.000     -0.020   -0.039          +0.002    -0.001    -0.016     +0.001        +0.005  -0.018   -0.001    +0.012  -0.002   -0.001    -0.001  -0.012   -0.012    -0.012    +0.014    -0.001  -0.015  -0.018  -0.025         -0.001     -0.001      -0.001   -0.001   -0.001    -0.005     -0.001   -0.002      -0.001   -0.001    -0.026     +0.001   -0.011      -0.006   +0.016
                         :    pho_minIDMVA:         +0.001   +0.001         -0.071         +0.009   +0.003         -0.083       +0.430       +1.000          +0.004    +0.002     -0.015   -0.018          +0.013    -0.005    -0.032     +0.001        +0.003  -0.041   +0.003    +0.016  +0.004   +0.006    +0.006  -0.013   -0.013    -0.013    +0.020    +0.006  -0.014  -0.033  -0.044         +0.006     +0.006      +0.006   +0.006   +0.006    -0.003     +0.006   +0.004      +0.006   +0.006    -0.059     +0.003   -0.017      +0.006   +0.022
                         : dipho_ptOverMgg:         +0.897   -0.001         -0.019         +0.567   -0.001         -0.012       +0.022       +0.004          +1.000    -0.000     -0.174   -0.864          -0.028    -0.033    +0.311     -0.001        +0.003  +0.402   -0.000    +0.026  +0.033   +0.019    +0.019  +0.074   +0.071    +0.071    +0.031    +0.019  +0.085  +0.309  +0.355         +0.020     +0.019      +0.019   +0.019   +0.019    +0.117     +0.019   +0.027      +0.019   +0.019    +0.679     -0.000   +0.090      +0.028   +0.091
                         :       dipho_eta:         +0.000   +0.885         +0.000         -0.001   +0.773         -0.003       +0.000       +0.002          -0.000    +1.000     -0.001   +0.000          +0.000    +0.002    +0.001     +0.257        +0.001  -0.002   +0.286    -0.002  +0.002   +0.002    +0.002  +0.002   +0.002    +0.002    -0.001    +0.002  +0.002  +0.000  -0.000         +0.002     +0.004      +0.002   +0.002   +0.002    +0.001     +0.002   +0.001      +0.002   +0.002    -0.001     +0.304   +0.001      +0.001   -0.000
                         :      dipho_dPhi:         -0.083   +0.000         +0.004         -0.063   -0.001         +0.005       -0.020       -0.015          -0.174    -0.001     +1.000   +0.429          +0.120    +0.003    -0.049     -0.000        -0.006  -0.027   +0.001    -0.012  +0.009   +0.011    +0.011  -0.006   -0.006    -0.006    -0.009    +0.011  -0.003  -0.021  -0.018         +0.011     +0.011      +0.011   +0.011   +0.011    -0.003     +0.011   +0.010      +0.011   +0.011    -0.095     -0.001   -0.013      -0.004   -0.013
                         :        dipho_dR:         -0.648   +0.001         +0.018         -0.651   +0.001         +0.015       -0.039       -0.018          -0.864    +0.000     +0.429   +1.000          +0.256    +0.027    -0.269     +0.000        -0.005  -0.324   +0.001    -0.028  -0.021   -0.009    -0.009  -0.062   -0.059    -0.059    -0.030    -0.009  -0.069  -0.250  -0.281         -0.010     -0.009      -0.009   -0.009   -0.009    -0.093     -0.009   -0.016      -0.009   -0.009    -0.578     -0.001   -0.074      -0.029   -0.081
                         : dipho_heliAngle:         +0.148   -0.000         +0.071         -0.495   +0.001         -0.106       +0.002       +0.013          -0.028    +0.000     +0.120   +0.256          +1.000    +0.002    -0.009     -0.002        +0.001  -0.018   +0.003    -0.005  +0.000   +0.001    +0.001  -0.003   -0.003    -0.003    -0.004    +0.001  -0.003  -0.013  -0.009         +0.001     +0.001      +0.001   +0.001   +0.001    -0.002     +0.001   +0.001      +0.001   +0.001    -0.024     -0.001   +0.001      -0.018   -0.009
                         :       lepton_ID:         -0.031   +0.001         -0.013         -0.021   +0.002         -0.010       -0.001       -0.005          -0.033    +0.002     +0.003   +0.027          +0.002    +1.000    -0.002     -0.004        +0.000  -0.001   -0.002    -0.008  +0.028   +0.028    +0.028  +0.021   +0.021    +0.021    -0.000    +0.028  +0.027  +0.012  -0.007         +0.028     +0.028      +0.028   +0.028   +0.028    +0.026     +0.028   +0.027      +0.028   +0.028    -0.015     -0.003   +0.001      -0.017   -0.010
                         :       lepton_pt:         +0.280   +0.001         -0.010         +0.175   +0.000         -0.007       -0.016       -0.032          +0.311    +0.001     -0.049   -0.269          -0.009    -0.002    +1.000     +0.001        +0.056  +0.114   -0.000    -0.073  +0.021   +0.016    +0.016  +0.045   +0.044    +0.044    -0.038    +0.016  +0.052  +0.106  -0.040         +0.016     +0.016      +0.015   +0.015   +0.016    +0.081     +0.016   +0.027      +0.016   +0.016    +0.427     +0.003   +0.137      +0.024   -0.056
                         :      lepton_eta:         -0.002   +0.256         +0.000         +0.001   +0.222         +0.002       +0.001       +0.001          -0.001    +0.257     -0.000   +0.000          -0.002    -0.004    +0.001     +1.000        -0.000  -0.003   +0.373    -0.003  -0.001   -0.000    -0.001  -0.003   -0.003    -0.003    -0.005    -0.001  -0.003  -0.004  -0.000         -0.001     -0.000      -0.001   -0.001   -0.001    -0.001     +0.001   -0.001      -0.001   -0.001    -0.002     +0.778   -0.001      +0.004   -0.001
                         :   lepton_ntight:         +0.002   +0.001         +0.001         +0.000   -0.000         -0.005       +0.005       +0.003          +0.003    +0.001     -0.006   -0.005          +0.001    +0.000    +0.056     -0.000        +1.000  -0.006   +0.001    +0.004  -0.013   -0.012    -0.012  -0.011   -0.011    -0.011    -0.003    -0.012  -0.013  -0.010  -0.012         -0.012     -0.012      -0.012   -0.012   -0.012    -0.011     -0.012   -0.012      -0.012   -0.012    +0.004     +0.000   +0.001      -0.001   -0.013
                         :         jet1_pt:         +0.368   -0.003         -0.015         +0.245   -0.002         -0.009       -0.018       -0.041          +0.402    -0.002     -0.027   -0.324          -0.018    -0.001    +0.114     -0.003        -0.006  +1.000   -0.001    -0.009  +0.263   +0.223    +0.223  +0.301   +0.292    +0.292    +0.122    +0.224  +0.358  +0.862  +0.144         +0.224     +0.223      +0.223   +0.223   +0.223    +0.296     +0.223   +0.247      +0.223   +0.223    +0.507     -0.001   +0.204      -0.198   +0.196
                         :        jet1_eta:         +0.001   +0.275         +0.002         -0.004   +0.236         +0.001       -0.001       +0.003          -0.000    +0.286     +0.001   +0.001          +0.003    -0.002    -0.000     +0.373        +0.001  -0.001   +1.000    -0.005  +0.001   +0.001    +0.001  -0.001   -0.001    -0.001    -0.003    +0.001  -0.001  -0.002  -0.000         +0.001     +0.002      +0.001   +0.001   +0.001    +0.000     +0.002   +0.001      +0.001   +0.001    -0.002     +0.529   +0.002      +0.003   -0.001
                         :       jet1_btag:         +0.022   -0.002         -0.001         +0.016   -0.001         +0.000       +0.012       +0.016          +0.026    -0.002     -0.012   -0.028          -0.005    -0.008    -0.073     -0.003        +0.004  -0.009   -0.005    +1.000  -0.050   -0.046    -0.046  -0.100   -0.099    -0.099    +0.649    -0.046  -0.106  -0.068  -0.085         -0.046     -0.046      -0.046   -0.046   -0.046    -0.043     -0.046   -0.044      -0.046   -0.046    +0.034     -0.004   +0.017      +0.101   +0.514
                         :         jet2_pt:         +0.029   +0.002         -0.019         +0.020   +0.001         -0.010       -0.002       +0.004          +0.033    +0.002     +0.009   -0.021          +0.000    +0.028    +0.021     -0.001        -0.013  +0.263   +0.001    -0.050  +1.000   +0.998    +0.998  +0.479   +0.478    +0.478    +0.234    +0.998  +0.665  +0.476  +0.027         +0.998     +0.998      +0.998   +0.998   +0.998    +0.988     +0.998   +0.991      +0.998   +0.998    +0.132     -0.000   -0.050      -0.127   +0.237
                         :        jet2_eta:         +0.016   +0.002         -0.019         +0.012   +0.001         -0.010       -0.001       +0.006          +0.019    +0.002     +0.011   -0.009          +0.001    +0.028    +0.016     -0.000        -0.012  +0.223   +0.001    -0.046  +0.998   +1.000    +1.000  +0.459   +0.459    +0.459    +0.231    +1.000  +0.645  +0.426  +0.021         +1.000     +1.000      +1.000   +1.000   +1.000    +0.986     +1.000   +0.993      +1.000   +1.000    +0.108     +0.000   -0.057      -0.117   +0.228
                         :       jet2_btag:         +0.016   +0.002         -0.019         +0.012   +0.000         -0.010       -0.001       +0.006          +0.019    +0.002     +0.011   -0.009          +0.001    +0.028    +0.016     -0.001        -0.012  +0.223   +0.001    -0.046  +0.998   +1.000    +1.000  +0.459   +0.460    +0.460    +0.231    +1.000  +0.645  +0.426  +0.021         +1.000     +1.000      +1.000   +1.000   +1.000    +0.986     +1.000   +0.993      +1.000   +1.000    +0.108     -0.000   -0.058      -0.117   +0.228
                         :         jet3_pt:         +0.065   +0.000         -0.012         +0.040   +0.001         -0.004       -0.012       -0.013          +0.074    +0.002     -0.006   -0.062          -0.003    +0.021    +0.045     -0.003        -0.011  +0.301   -0.001    -0.100  +0.479   +0.459    +0.459  +1.000   +1.000    +1.000    +0.159    +0.460  +0.824  +0.585  +0.056         +0.459     +0.459      +0.459   +0.459   +0.459    +0.470     +0.459   +0.452      +0.459   +0.459    +0.150     -0.002   -0.022      -0.153   +0.165
                         :        jet3_eta:         +0.062   +0.000         -0.012         +0.038   +0.001         -0.004       -0.012       -0.013          +0.071    +0.002     -0.006   -0.059          -0.003    +0.021    +0.044     -0.003        -0.011  +0.292   -0.001    -0.099  +0.478   +0.459    +0.460  +1.000   +1.000    +1.000    +0.158    +0.460  +0.818  +0.571  +0.055         +0.460     +0.459      +0.459   +0.459   +0.459    +0.469     +0.459   +0.452      +0.459   +0.460    +0.144     -0.002   -0.023      -0.150   +0.163
                         :       jet3_btag:         +0.063   +0.000         -0.012         +0.038   +0.001         -0.004       -0.012       -0.013          +0.071    +0.002     -0.006   -0.059          -0.003    +0.021    +0.044     -0.003        -0.011  +0.292   -0.001    -0.099  +0.478   +0.459    +0.460  +1.000   +1.000    +1.000    +0.158    +0.460  +0.818  +0.571  +0.055         +0.460     +0.459      +0.459   +0.459   +0.459    +0.469     +0.459   +0.452      +0.459   +0.460    +0.144     -0.002   -0.023      -0.150   +0.163
                         :       jet_btag1:         +0.026   -0.002         -0.004         +0.017   -0.001         -0.002       +0.014       +0.020          +0.031    -0.001     -0.009   -0.030          -0.004    -0.000    -0.038     -0.005        -0.003  +0.122   -0.003    +0.649  +0.234   +0.231    +0.231  +0.159   +0.158    +0.158    +1.000    +0.231  +0.198  +0.173  -0.046         +0.231     +0.231      +0.231   +0.231   +0.231    +0.228     +0.231   +0.221      +0.231   +0.231    +0.056     -0.005   -0.060      +0.007   +0.783
                         :       jet_btag2:         +0.016   +0.002         -0.019         +0.012   +0.000         -0.010       -0.001       +0.006          +0.019    +0.002     +0.011   -0.009          +0.001    +0.028    +0.016     -0.001        -0.012  +0.224   +0.001    -0.046  +0.998   +1.000    +1.000  +0.460   +0.460    +0.460    +0.231    +1.000  +0.645  +0.426  +0.021         +1.000     +1.000      +1.000   +1.000   +1.000    +0.986     +1.000   +0.993      +1.000   +1.000    +0.108     -0.000   -0.057      -0.117   +0.228
                         :           jet_N:         +0.075   +0.001         -0.016         +0.047   +0.001         -0.006       -0.015       -0.014          +0.085    +0.002     -0.003   -0.069          -0.003    +0.027    +0.052     -0.003        -0.013  +0.358   -0.001    -0.106  +0.665   +0.645    +0.645  +0.824   +0.818    +0.818    +0.198    +0.645  +1.000  +0.713  +0.064         +0.645     +0.645      +0.645   +0.645   +0.645    +0.653     +0.645   +0.638      +0.645   +0.645    +0.172     -0.002   -0.028      -0.177   +0.201
                         :          jet_Ht:         +0.281   -0.001         -0.017         +0.185   -0.001         -0.009       -0.018       -0.033          +0.309    +0.000     -0.021   -0.250          -0.013    +0.012    +0.106     -0.004        -0.010  +0.862   -0.002    -0.068  +0.476   +0.426    +0.426  +0.585   +0.571    +0.571    +0.173    +0.426  +0.713  +1.000  +0.130         +0.427     +0.426      +0.426   +0.426   +0.426    +0.486     +0.426   +0.440      +0.426   +0.426    +0.449     -0.002   +0.128      -0.228   +0.238
                         :          met_Pt:         +0.329   -0.000         -0.004         +0.215   -0.000         -0.001       -0.025       -0.044          +0.355    -0.000     -0.018   -0.281          -0.009    -0.007    -0.040     -0.000        -0.012  +0.144   -0.000    -0.085  +0.027   +0.021    +0.021  +0.056   +0.055    +0.055    -0.046    +0.021  +0.064  +0.130  +1.000         +0.021     +0.021      +0.021   +0.021   +0.021    +0.103     +0.021   +0.040      +0.021   +0.021    +0.541     +0.000   +0.206      +0.009   -0.091
                         :  TT_tqH_ptOverM:         +0.017   +0.002         -0.019         +0.012   +0.000         -0.010       -0.001       +0.006          +0.020    +0.002     +0.011   -0.010          +0.001    +0.028    +0.016     -0.001        -0.012  +0.224   +0.001    -0.046  +0.998   +1.000    +1.000  +0.459   +0.460    +0.460    +0.231    +1.000  +0.645  +0.427  +0.021         +1.000     +1.000      +1.000   +1.000   +1.000    +0.986     +1.000   +0.993      +1.000   +1.000    +0.109     -0.000   -0.057      -0.117   +0.228
                         :      TT_tqH_eta:         +0.016   +0.004         -0.019         +0.012   +0.002         -0.010       -0.001       +0.006          +0.019    +0.004     +0.011   -0.009          +0.001    +0.028    +0.016     -0.000        -0.012  +0.223   +0.002    -0.046  +0.998   +1.000    +1.000  +0.459   +0.459    +0.459    +0.231    +1.000  +0.645  +0.426  +0.021         +1.000     +1.000      +1.000   +1.000   +1.000    +0.986     +1.000   +0.993      +1.000   +1.000    +0.108     +0.001   -0.057      -0.117   +0.228
                         :     TT_dR_tqH_H:         +0.016   +0.002         -0.019         +0.012   +0.000         -0.010       -0.001       +0.006          +0.019    +0.002     +0.011   -0.009          +0.001    +0.028    +0.015     -0.001        -0.012  +0.223   +0.001    -0.046  +0.998   +1.000    +1.000  +0.459   +0.459    +0.459    +0.231    +1.000  +0.645  +0.426  +0.021         +1.000     +1.000      +1.000   +1.000   +1.000    +0.986     +1.000   +0.993      +1.000   +1.000    +0.108     -0.000   -0.057      -0.117   +0.228
                         :        TT_dR_qH:         +0.016   +0.002         -0.018         +0.012   +0.000         -0.010       -0.001       +0.006          +0.019    +0.002     +0.011   -0.009          +0.001    +0.028    +0.015     -0.001        -0.012  +0.223   +0.001    -0.046  +0.998   +1.000    +1.000  +0.459   +0.459    +0.459    +0.231    +1.000  +0.645  +0.426  +0.021         +1.000     +1.000      +1.000   +1.000   +1.000    +0.986     +1.000   +0.993      +1.000   +1.000    +0.107     -0.000   -0.058      -0.117   +0.228
                         :        TT_dR_tt:         +0.016   +0.002         -0.019         +0.012   +0.000         -0.010       -0.001       +0.006          +0.019    +0.002     +0.011   -0.009          +0.001    +0.028    +0.016     -0.001        -0.012  +0.223   +0.001    -0.046  +0.998   +1.000    +1.000  +0.459   +0.459    +0.459    +0.231    +1.000  +0.645  +0.426  +0.021         +1.000     +1.000      +1.000   +1.000   +1.000    +0.986     +1.000   +0.993      +1.000   +1.000    +0.108     -0.000   -0.057      -0.116   +0.228
                         :       TT_tbW_pt:         +0.104   +0.002         -0.020         +0.068   +0.000         -0.011       -0.005       -0.003          +0.117    +0.001     -0.003   -0.093          -0.002    +0.026    +0.081     -0.001        -0.011  +0.296   +0.000    -0.043  +0.988   +0.986    +0.986  +0.470   +0.469    +0.469    +0.228    +0.986  +0.653  +0.486  +0.103         +0.986     +0.986      +0.986   +0.986   +0.986    +1.000     +0.986   +0.980      +0.986   +0.986    +0.252     -0.000   -0.041      -0.111   +0.237
                         :      TT_tbW_eta:         +0.016   +0.002         -0.019         +0.012   +0.001         -0.010       -0.001       +0.006          +0.019    +0.002     +0.011   -0.009          +0.001    +0.028    +0.016     +0.001        -0.012  +0.223   +0.002    -0.046  +0.998   +1.000    +1.000  +0.459   +0.459    +0.459    +0.231    +1.000  +0.645  +0.426  +0.021         +1.000     +1.000      +1.000   +1.000   +1.000    +0.986     +1.000   +0.993      +1.000   +1.000    +0.108     +0.002   -0.057      -0.117   +0.228
                         :        TT_tbW_M:         +0.024   +0.001         -0.018         +0.016   +0.000         -0.009       -0.002       +0.004          +0.027    +0.001     +0.010   -0.016          +0.001    +0.027    +0.027     -0.001        -0.012  +0.247   +0.001    -0.044  +0.991   +0.993    +0.993  +0.452   +0.452    +0.452    +0.221    +0.993  +0.638  +0.440  +0.040         +0.993     +0.993      +0.993   +0.993   +0.993    +0.980     +0.993   +1.000      +0.993   +0.993    +0.118     -0.001   +0.020      -0.121   +0.214
                         :     TT_dR_tbW_H:         +0.016   +0.002         -0.019         +0.012   +0.000         -0.010       -0.001       +0.006          +0.019    +0.002     +0.011   -0.009          +0.001    +0.028    +0.016     -0.001        -0.012  +0.223   +0.001    -0.046  +0.998   +1.000    +1.000  +0.459   +0.459    +0.459    +0.231    +1.000  +0.645  +0.426  +0.021         +1.000     +1.000      +1.000   +1.000   +1.000    +0.986     +1.000   +0.993      +1.000   +1.000    +0.108     -0.000   -0.057      -0.115   +0.228
                         :        TT_score:         +0.016   +0.002         -0.019         +0.012   +0.000         -0.010       -0.001       +0.006          +0.019    +0.002     +0.011   -0.009          +0.001    +0.028    +0.016     -0.001        -0.012  +0.223   +0.001    -0.046  +0.998   +1.000    +1.000  +0.459   +0.460    +0.460    +0.231    +1.000  +0.645  +0.426  +0.021         +1.000     +1.000      +1.000   +1.000   +1.000    +0.986     +1.000   +0.993      +1.000   +1.000    +0.108     -0.000   -0.058      -0.117   +0.228
                         :       ST_tbW_pt:         +0.611   -0.001         -0.015         +0.396   -0.002         -0.010       -0.026       -0.059          +0.679    -0.001     -0.095   -0.578          -0.024    -0.015    +0.427     -0.002        +0.004  +0.507   -0.002    +0.034  +0.132   +0.108    +0.108  +0.150   +0.144    +0.144    +0.056    +0.108  +0.172  +0.449  +0.541         +0.109     +0.108      +0.108   +0.107   +0.108    +0.252     +0.108   +0.118      +0.108   +0.108    +1.000     -0.000   +0.104      +0.024   +0.138
                         :      ST_tbW_eta:         -0.001   +0.291         +0.001         +0.000   +0.249         +0.001       +0.001       +0.003          -0.000    +0.304     -0.001   -0.001          -0.001    -0.003    +0.003     +0.778        +0.000  -0.001   +0.529    -0.004  -0.000   +0.000    -0.000  -0.002   -0.002    -0.002    -0.005    -0.000  -0.002  -0.002  +0.000         -0.000     +0.001      -0.000   -0.000   -0.000    -0.000     +0.002   -0.001      -0.000   -0.000    -0.000     +1.000   +0.002      +0.003   -0.002
                         :        ST_tbW_M:         +0.083   +0.001         +0.008         +0.051   +0.000         +0.007       -0.011       -0.017          +0.090    +0.001     -0.013   -0.074          +0.001    +0.001    +0.137     -0.001        +0.001  +0.204   +0.002    +0.017  -0.050   -0.057    -0.058  -0.022   -0.023    -0.023    -0.060    -0.057  -0.028  +0.128  +0.206         -0.057     -0.057      -0.057   -0.058   -0.057    -0.041     -0.057   +0.020      -0.057   -0.058    +0.104     +0.002   +1.000      +0.032   -0.119
                         :     ST_dR_tbW_H:         +0.027   +0.001         +0.041         +0.029   +0.001         +0.028       -0.006       +0.006          +0.028    +0.001     -0.004   -0.029          -0.018    -0.017    +0.024     +0.004        -0.001  -0.198   +0.003    +0.101  -0.127   -0.117    -0.117  -0.153   -0.150    -0.150    +0.007    -0.117  -0.177  -0.228  +0.009         -0.117     -0.117      -0.117   -0.117   -0.116    -0.111     -0.117   -0.121      -0.115   -0.117    +0.024     +0.003   +0.032      +1.000   +0.028
                         :        ST_score:         +0.080   -0.002         -0.002         +0.056   +0.001         -0.001       +0.016       +0.022          +0.091    -0.000     -0.013   -0.081          -0.009    -0.010    -0.056     -0.001        -0.013  +0.196   -0.001    +0.514  +0.237   +0.228    +0.228  +0.165   +0.163    +0.163    +0.783    +0.228  +0.201  +0.238  -0.091         +0.228     +0.228      +0.228   +0.228   +0.228    +0.237     +0.228   +0.214      +0.228   +0.228    +0.138     -0.002   -0.119      +0.028   +1.000
                         : ------------------------------------------------------------------------------------------------------------------------------------------------------------------------------------------------------------------------------------------------------------------------------------------------------------------------------------------------------------------------------------------------------------------------------------------------------------------------------------------------------------------------------
<HEADER> DataSetInfo              : Correlation matrix (Background):
